0.601965069770813
0.024131029844284058
0.44155341386795044
0.5255333781242371
0.4776742458343506
0.4445512592792511
0.520603358745575
0.8131213188171387
0.3319723606109619
0.6022232174873352
0.26666194200515747
0.3863392472267151
0.4154373109340668
0.5181536674499512
0.2301122546195984
0.49539715051651
0.4442867040634155
0.46078234910964966
0.09230780601501465
0.34218814969062805
0.5964980125427246
0.5859365463256836
0.14121684432029724
0.45231398940086365
0.4451526999473572
0.4719083607196808
0.5144072771072388
0.43936991691589355
0.548075795173645
0.641822099685669
0.47066423296928406
0.5114263892173767
0.46030837297439575
0.4551129639148712
0.2494928240776062
0.1774389147758484
0.535427987575531
0.5354925394058228
0.3812742531299591
0.6576966047286987
0.42894086241722107
0.5321535468101501
0.540092945098877
0.3778761029243469
0.5776537656784058
0.43672335147857666
0.46497002243995667
0.6534485816955566
0.47739166021347046
0.7343952655792236
0.4414409399032593
0.4777396321296692
0.44133803248405457
0.6596975326538086
0.47274917364120483
0.5491231679916382
0.44655483961105347
0.495930016040802
0.4898079037666321
0.5087625980377197
0.47461235523223877
0.5585494041442871
0.31948012113571167
0.6507514119148254
0.5069482326507568
0.6934876441955566
0.40216946601867676
0.022645652294158936
0.42297986149787903
0.5725426077842712
0.8626313209533691
0.5440128445625305
0.44353199005126953
0.44247180223464966
0.5589872598648071
0.5509548187255859
0.6237351894378662
0.4320387840270996
0.347494900226593
0.4555026888847351
0.5747747421264648
0.43478822708129883
0.3625366687774658
0.3070313334465027
0.6388996243476868
0.5763797760009766
0.5527242422103882
0.6509567499160767
0.4568523168563843
0.3533346354961395
0.6053265929222107
0.3843579590320587
0.24526208639144897
0.5980623960494995
0.17491793632507324
0.7552986741065979
0.5061197876930237
0.6894498467445374
0.24031603336334229
0.6462410688400269
0.45850974321365356
0.45911920070648193
0.5531145334243774
0.8020280003547668
0.4743943214416504
0.43852880597114563
0.5599841475486755
0.36132436990737915
0.511896014213562
0.20326486229896545
0.16272157430648804
0.33874499797821045
0.7525191903114319
0.717057466506958
0.22908443212509155
0.7817245721817017
0.47777605056762695
0.6125918030738831
0.4640045464038849
0.5468237996101379
0.848666787147522
0.33538818359375
0.538342297077179
0.6417192816734314
0.3920361399650574
0.565238356590271
0.4449065327644348
0.5137903690338135
0.44467025995254517
0.4354637861251831
0.039208024740219116
0.45419275760650635
0.5130653381347656
0.4840112328529358
0.8706762790679932
0.900299072265625
0.5636094212532043
0.662051260471344
0.45732033252716064
0.6047555804252625
0.44100016355514526
0.4834293723106384
0.1999107003211975
0.7821701169013977
0.5311111211776733
0.6211711764335632
0.7488925457000732
0.25038856267929077
0.5035853385925293
0.4094811677932739
0.5378654599189758
0.4733596444129944
0.46928155422210693
0.651757538318634
0.44513586163520813
0.4648263454437256
0.5982831120491028
0.49550050497055054
0.31981945037841797
0.40239667892456055
0.6677861213684082
0.5088014006614685
0.4233745038509369
0.6776040196418762
0.4705154597759247
0.4955495297908783
0.3843735456466675
0.45290040969848633
0.6451573371887207
0.5034385919570923
0.4291178584098816
0.417793869972229
0.4140776991844177
0.4287891387939453
0.5768589377403259
0.5882241129875183
0.5782796740531921
0.7388670444488525
0.5114361643791199
0.47804123163223267
0.4515245854854584
0.6913598775863647
0.58465576171875
0.5410990118980408
0.21512746810913086
0.47654929757118225
0.5525670647621155
0.4828651547431946
0.3994569778442383
0.3091757297515869
0.5973699688911438
0.6631121635437012
0.3573257327079773
0.5000060200691223
0.4492013454437256
0.483127236366272
0.7020302414894104
0.5392318964004517
0.39775732159614563
0.5643274188041687
0.3734399080276489
0.1353866159915924
0.48234793543815613
0.6380193829536438
0.5746256709098816
0.27852916717529297
0.68201744556427
0.5899039506912231
0.4899863302707672
0.483382910490036
0.37626582384109497
0.49165576696395874
0.4579092264175415
0.47315508127212524
0.46188831329345703
0.092709481716156
0.5481800436973572
0.20419085025787354
0.19979718327522278
0.5708727836608887
0.7405530214309692
0.5994649529457092
0.48348039388656616
0.5112704634666443
0.5214172601699829
0.7581928372383118
0.4762421250343323
0.4721223711967468
0.2322462797164917
0.47383779287338257
0.39914366602897644
0.4502098858356476
0.5809749364852905
0.4928756058216095
0.44587352871894836
0.5876798033714294
0.7103195190429688
0.6016161441802979
0.5313766002655029
0.942573070526123
0.7992997169494629
0.38783371448516846
0.6289898157119751
0.5332179665565491
0.5799657106399536
0.46227240562438965
0.3476932644844055
0.5747416615486145
0.45776188373565674
0.18260502815246582
0.5763839483261108
0.7714964151382446
0.7023748755455017
0.5927973985671997
0.5118722915649414
0.47708386182785034
0.539976179599762
0.482221394777298
0.42676547169685364
0.2130022644996643
0.4803754687309265
0.02173137664794922
0.7031236886978149
0.5273376107215881
0.20729905366897583
0.26164495944976807
0.42922306060791016
0.8344876766204834
0.12112212181091309
0.49632543325424194
0.5193778872489929
0.6368961930274963
0.44688186049461365
0.5529423952102661
0.16696536540985107
0.5441504120826721
0.4285737872123718
0.45463505387306213
0.4367077052593231
0.6209918856620789
0.37299591302871704
0.7600792646408081
0.6061233282089233
0.513603150844574
0.4114672839641571
0.5829516053199768
0.4778560996055603
0.20361649990081787
0.47593972086906433
0.483720600605011
0.604176938533783
0.4731346666812897
0.7050763368606567
0.3378143310546875
0.4770031273365021
0.6428513526916504
0.4519047737121582
0.4836081862449646
0.4835169315338135
0.7307978868484497
0.2285994589328766
0.43237045407295227
0.37012940645217896
0.5656389594078064
0.47340720891952515
0.13753950595855713
0.37463316321372986
0.49213841557502747
0.4115273356437683
0.6135685443878174
0.7746925354003906
0.5221249461174011
0.6400719881057739
0.6315708756446838
0.498630166053772
0.5251199007034302
0.3022923469543457
0.4033340811729431
0.5209885835647583
0.8788148164749146
0.38334205746650696
0.27809903025627136
0.3795386254787445
0.37239524722099304
0.4299575090408325
0.5397449731826782
0.10202392935752869
0.5441295504570007
0.3133198618888855
0.48877373337745667
0.6047539710998535
0.44437694549560547
0.3305791914463043
0.5875645279884338
0.5990316867828369
0.5568450689315796
0.20084267854690552
0.5787068605422974
0.45561134815216064
0.47440657019615173
0.6185066103935242
0.764237642288208
0.4892667829990387
0.6147065162658691
0.45118412375450134
0.5424479246139526
0.4441092014312744
0.35006773471832275
0.604050874710083
0.342059850692749
0.32667016983032227
0.3502024710178375
0.6530508995056152
0.7215386033058167
0.5895897746086121
0.7107191681861877
0.48253268003463745
0.2743031978607178
0.44419968128204346
0.6901826858520508
0.4912354648113251
0.4078954756259918
0.6492707133293152
0.18017643690109253
0.7640514373779297
0.459733247756958
0.6076697111129761
0.11812227964401245
0.6573895215988159
0.679767370223999
0.39441296458244324
0.3906235694885254
0.49537062644958496
0.7360692024230957
0.5878275632858276
0.7265526652336121
0.4735908508300781
0.5462304353713989
0.19150212407112122
0.7428802251815796
0.4729083776473999
0.5161424875259399
0.498325914144516
0.37799540162086487
0.6364489793777466
0.5140185952186584
0.8978781700134277
0.34612977504730225
0.6702417731285095
0.5107073783874512
0.6401735544204712
0.5143167972564697
0.5276534557342529
0.47553616762161255
0.4725724458694458
0.4482731819152832
0.5506754517555237
0.6273775100708008
0.4017678201198578
0.35822463035583496
0.6940932869911194
0.49892371892929077
0.2883418798446655
0.43431925773620605
0.467195063829422
0.13581213355064392
0.3636292815208435
0.532224178314209
0.5322287082672119
0.5109809637069702
0.47457355260849
0.3335159420967102
0.6527372002601624
0.7059228420257568
0.43451231718063354
0.5099167823791504
0.6333891749382019
0.3721235990524292
0.32385772466659546
0.6148324012756348
0.5453478097915649
0.4821406304836273
0.47743770480155945
0.8756134510040283
0.4686938226222992
0.3808300495147705
0.2597838044166565
0.5482715964317322
0.4472618103027344
0.5103684067726135
0.4938160479068756
0.4321524500846863
0.5806028246879578
0.4777396321296692
0.5273999571800232
0.8757802248001099
0.10572656989097595
0.6840953230857849
0.5139380097389221
0.4972550868988037
0.2908155620098114
0.3981384038925171
0.4754909574985504
0.4724455177783966
0.5371688008308411
0.4095914661884308
0.7861535549163818
0.455451637506485
0.7656823992729187
0.4719250500202179
0.5744239091873169
0.5220736265182495
0.5278913974761963
0.5420317053794861
0.3609520196914673
0.47611314058303833
0.724705159664154
0.45933225750923157
0.5059259533882141
0.4830969572067261
0.45199623703956604
0.4857887029647827
0.3897494673728943
0.4616336226463318
0.5694614052772522
0.5232866406440735
0.5062872171401978
0.5546512603759766
0.4876766502857208
0.2216731309890747
0.5648201107978821
0.5331630706787109
0.452871710062027
0.7252452969551086
0.59319669008255
0.5879055857658386
0.5552433729171753
0.5524579286575317
0.424861341714859
0.6532800793647766
0.39472541213035583
0.4718666076660156
0.6151313185691833
0.4723370671272278
0.4550107717514038
0.6778537631034851
0.47307977080345154
0.3426721394062042
0.6284948587417603
0.236203134059906
0.6665270328521729
0.3357495665550232
0.3643132448196411
0.469605028629303
0.8530217409133911
0.4697336256504059
0.4452940821647644
0.6203880906105042
0.7097643613815308
0.30839139223098755
0.5658073425292969
0.39137622714042664
0.11692452430725098
0.427330881357193
0.5508984923362732
0.7500890493392944
0.6658810377120972
0.43586409091949463
0.9118712544441223
0.3389941155910492
0.5390902757644653
0.7507998943328857
0.43655893206596375
0.4378252327442169
0.5540674328804016
0.48499852418899536
0.1899341344833374
0.6671852469444275
0.4777396321296692
0.4527524411678314
0.5835611820220947
0.4976600110530853
0.49176034331321716
0.648282527923584
0.40791842341423035
0.4177488088607788
0.6081875562667847
0.560318112373352
0.6114506721496582
0.5082930326461792
0.5055075883865356
0.42586880922317505
0.08018475770950317
0.5116659998893738
0.5465107560157776
0.30225658416748047
0.6090484261512756
0.4807768166065216
0.49873653054237366
0.4709169268608093
0.5126153230667114
0.4884660243988037
0.5248042941093445
0.1719246804714203
0.456208735704422
0.4492573142051697
0.214461088180542
0.3298856019973755
0.43247073888778687
0.4735504984855652
0.4950636923313141
0.45860761404037476
0.5118269920349121
0.8101892471313477
0.4771120846271515
0.5771775245666504
0.4587829113006592
0.4839341342449188
0.4108736515045166
0.45286110043525696
0.6759628653526306
0.32270729541778564
0.5191209316253662
0.7897691130638123
0.4790540039539337
0.6291378736495972
0.4803810119628906
0.18335124850273132
0.5248587131500244
0.43565163016319275
0.40559160709381104
0.4475165009498596
0.45191457867622375
0.37493377923965454
0.42900532484054565
0.46002477407455444
0.6147477030754089
0.42611581087112427
0.04456707835197449
0.28698399662971497
0.45097780227661133
0.14966833591461182
0.5206590294837952
0.5636361241340637
0.42567089200019836
0.33376121520996094
0.6031766533851624
0.4777396321296692
0.15760251879692078
0.5665091276168823
0.3479377031326294
0.41702017188072205
0.5770671963691711
0.5149335861206055
0.42898422479629517
0.5187121629714966
0.5033108592033386
0.4163495898246765
0.2639522850513458
0.6178022623062134
0.4672253429889679
0.5677871108055115
0.6280032992362976
0.4849901497364044
0.5068724751472473
0.5529997944831848
0.4784170985221863
0.7490580081939697
0.45216792821884155
0.4527731239795685
0.2910625636577606
0.5481895208358765
0.4531872868537903
0.6237727403640747
0.4180692732334137
0.4195379614830017
0.5712586045265198
0.4009503126144409
0.4873673617839813
0.7984821796417236
0.5533628463745117
0.5964188575744629
0.5178881287574768
0.48451748490333557
0.5613930225372314
0.571266770362854
0.478858083486557
0.4824950098991394
0.4865087866783142
0.439063161611557
0.47767695784568787
0.4155133366584778
0.4339768588542938
0.3067728877067566
0.8615920543670654
0.4123052656650543
0.21175003051757812
0.4696318209171295
0.45222386717796326
0.517991840839386
0.6110969185829163
0.6803040504455566
0.3954726755619049
0.46359333395957947
0.636894702911377
0.6299543380737305
0.15588635206222534
0.46260738372802734
0.47733384370803833
0.2643362879753113
0.632728099822998
0.7030948400497437
0.6018335819244385
0.5505881905555725
0.46435821056365967
0.4728582501411438
0.7070457935333252
0.5553466081619263
0.3173879384994507
0.46025463938713074
0.5086535215377808
0.3782799541950226
0.41101083159446716
0.7517306208610535
0.4651264548301697
0.2873702049255371
0.5801328420639038
0.43165305256843567
0.38197386264801025
0.7537690997123718
0.4229404330253601
0.2446223795413971
0.4952661395072937
0.5390132069587708
0.5383062958717346
0.6867411136627197
0.7227659225463867
0.45580053329467773
0.4777396321296692
0.5754969716072083
0.47459712624549866
0.5146591067314148
0.7391728162765503
0.14831969141960144
0.44852110743522644
0.44006624817848206
0.42939603328704834
0.466606467962265
0.2881712317466736
0.5110882520675659
0.4924958348274231
0.6109232306480408
0.40886610746383667
0.4634511172771454
0.5181024074554443
0.48023587465286255
0.8048136234283447
0.6281396150588989
0.5510299205780029
0.34598302841186523
0.48039206862449646
0.529959499835968
0.44606974720954895
0.7154181599617004
0.3760666847229004
0.6120339035987854
0.053300559520721436
0.5767230987548828
0.5144461989402771
0.47894784808158875
0.499250590801239
0.35856032371520996
0.5973254442214966
0.7007947564125061
0.7654596567153931
0.465617835521698
0.47893446683883667
0.4589759409427643
0.4169389009475708
0.11301183700561523
0.42753443121910095
0.6473923325538635
0.769822359085083
0.4639457166194916
0.5757746696472168
0.1065790057182312
0.4052543640136719
0.31592100858688354
0.3821232318878174
0.5149049758911133
0.48329880833625793
0.34618091583251953
0.43815597891807556
0.3403726816177368
0.33522218465805054
0.48758700489997864
0.2923598289489746
0.7869830131530762
0.48907506465911865
0.6594611406326294
0.3600473999977112
0.2126210629940033
0.37483251094818115
0.5949528217315674
0.5647929906845093
0.5396046042442322
0.5290297865867615
0.5093948245048523
0.46117132902145386
0.2708279490470886
0.05011698603630066
0.4723760187625885
0.6021247506141663
0.49044889211654663
0.4406260550022125
0.5012996196746826
0.623649537563324
0.37783318758010864
0.6415262222290039
0.4877471923828125
0.6526569724082947
0.6089466214179993
0.6647846102714539
0.45999032258987427
0.6843869686126709
0.32887956500053406
0.8953315615653992
0.45447608828544617
0.5255213379859924
0.49240002036094666
0.5107627511024475
0.7739740014076233
0.5322003960609436
0.413327157497406
0.4820423126220703
0.4681572914123535
0.5618213415145874
0.464617520570755
0.444161057472229
0.8090380430221558
0.038631170988082886
0.6736299991607666
0.4409292936325073
0.5303841233253479
0.5454961061477661
0.5316748023033142
0.4268991947174072
0.4450203478336334
0.35285890102386475
0.12743988633155823
0.46427175402641296
0.05481839179992676
0.492857426404953
0.48642897605895996
0.325153112411499
0.5755917429924011
0.676875114440918
0.6187979578971863
0.44229593873023987
0.47263988852500916
0.4679616689682007
0.2078705132007599
0.38751572370529175
0.6018179059028625
0.48741763830184937
0.4934786558151245
0.43350347876548767
0.5362202525138855
0.47082316875457764
0.6414571404457092
0.5424014329910278
0.33695274591445923
0.4968109428882599
0.5103884935379028
0.6320740580558777
0.7383993864059448
0.21317434310913086
0.4836294949054718
0.48036879301071167
0.5870389342308044
0.5056275129318237
0.23037093877792358
0.7959581017494202
0.7425754070281982
0.7843726873397827
0.3578178882598877
0.4436698853969574
0.4065784513950348
0.20180344581604004
0.5876188278198242
0.6711823344230652
0.3200841546058655
0.48737436532974243
0.45863354206085205
0.5316334962844849
0.6182754635810852
0.4051229655742645
0.27514246106147766
0.20516535639762878
0.22347822785377502
0.4805053174495697
0.579970121383667
0.8974878787994385
0.636461615562439
0.4723540246486664
0.4704444408416748
0.1144571602344513
0.6518558859825134
0.5147311687469482
0.6755017638206482
0.5113577842712402
0.7018641233444214
0.36272987723350525
0.5939223766326904
0.3501405119895935
0.30345797538757324
0.5169626474380493
0.45893704891204834
0.6772719621658325
0.3580976724624634
0.5528385639190674
0.46768128871917725
0.818000316619873
0.5361140966415405
0.5994917154312134
0.36025914549827576
0.4142719507217407
0.4799529016017914
0.23087841272354126
0.5134786367416382
0.46237727999687195
0.529514729976654
0.7431817054748535
0.644660234451294
0.7724133729934692
0.8087486028671265
0.6121978759765625
0.5811973214149475
0.31143802404403687
0.05754247307777405
0.4187883138656616
0.4995725750923157
0.8775216341018677
0.6518299579620361
0.538379430770874
0.3671097755432129
0.5461940765380859
0.40216052532196045
0.4407981038093567
0.4525032043457031
0.4391922652721405
0.7938651442527771
0.5303159952163696
0.5286497473716736
0.3856106400489807
0.36066222190856934
0.7326563596725464
0.6547375321388245
0.11359956860542297
0.5179540514945984
0.39733731746673584
0.5328171849250793
0.47542276978492737
0.791985809803009
0.7492842078208923
0.5229905843734741
0.4797053337097168
0.33781635761260986
0.42749491333961487
0.40034812688827515
0.5782930850982666
0.5285562872886658
0.4410461187362671
0.14842519164085388
0.6202645897865295
0.4807315468788147
0.48060593008995056
0.6025187373161316
0.6825351715087891
0.5595831871032715
0.46157827973365784
0.7656950950622559
0.5467519760131836
0.46910718083381653
0.2847360670566559
0.6460093855857849
0.5234624147415161
0.7237752676010132
0.4497148394584656
0.5037126541137695
0.49711358547210693
0.3699442744255066
0.6796869039535522
0.23518779873847961
0.49073633551597595
0.4333575963973999
0.36753320693969727
0.5848116874694824
0.616584062576294
0.48387211561203003
0.510184109210968
0.5798447132110596
0.4398992359638214
0.7069029211997986
0.5275588631629944
0.48817408084869385
0.47319161891937256
0.4888906478881836
0.5811323523521423
0.5972007513046265
0.4771645665168762
0.39739495515823364
0.48090216517448425
0.1486242115497589
0.4541532099246979
0.4173429012298584
0.40522801876068115
0.640365719795227
0.5602997541427612
0.4453522562980652
0.47592541575431824
0.5405721068382263
0.36894166469573975
0.5349516868591309
0.537308931350708
0.7966363430023193
0.7529249787330627
0.5730069875717163
0.4950646162033081
0.6121952533721924
0.6552955508232117
0.6580345630645752
0.47093117237091064
0.9547637701034546
0.7884833812713623
0.5331032872200012
0.5909157991409302
0.6186880469322205
0.48857569694519043
0.3676622211933136
0.32516562938690186
0.7472221851348877
0.45839938521385193
0.4590335786342621
0.33957725763320923
0.6237488389015198
0.6959798336029053
0.7782984972000122
0.4282623529434204
0.329600989818573
0.3805318772792816
0.5894481539726257
0.4497348964214325
0.4909375011920929
0.5833123922348022
0.4179241955280304
0.30466559529304504
0.5087758302688599
0.6369423270225525
0.49950486421585083